6173524
-7277681
7745071
8996062
1870684
9767171
7359140
2705891
-4222856
6764399
-3245707
-3454248
7823228
6274
1868579
-6306830
1866339
1012578
6694833
-8604391
7488836
-2456001
-6295824
-3261392
1992486
-8804243
-4367556
5135446
-307816
6553800
433691
-9159037
-7109747
9715808
5001480
-663071
-8065396
5499071
5679409
6690819
-296208
473199
6535576
6208868
-3940912
-3256478
-452880
5761257
-7961826
5766631
6969225
-873983
9963195
5346200
-5203584
4390311
6638915
-2629003
9521765
492393
4626622
3475936
2446972
-9732778
4335392
-1236792
-6934318
-294311
-8289720
-7719010
-9944535
-629377
840022
7516494
-3961874
6658133
-1611030
-1105792
7099275
1052302
-3750538
4273337
4508268
3113142
6918707
-9381908
-3326065
9454574
7997577
6006428
-4110303
925691
-1067461
-3241598
1626433
-3653043
-6714852
4510415
-4842585
-3230474
-761647
-5828846
5175538
-1079061
-6595648
-7607181
-8153792
2931567
-5727244
660979
-1744783
6811690
-7882353
6345285
3384102
3255470
-1947354
9302812
5946414
-7627802
4009107
-337557
-9782948
-5459781
-2036176
-4534858
8850733
-8769548
-8166126
9355183
7818795
-3256124
2324730
9932417
-8409391
-5367119
-1135323
-3102600
-171530
-9558069
9181577
-8417861
-2645196
5732133
6201214
-3090826
-529261
7389018
-6503538
-6027970
-6523052
-5993072
-562108
9877994
1967774
3489807
511060
9852591
-2182981
5303634
-1915611
-8652508
7086233
-4702211
-4532677
-5771030
5561929
-1644728
-7222708
-6885743
2781225
-6662086
-6421827
9599435
6274442
-44972
2921210
-1228073
-7037653
-6559287
2821829
-8256106
4529707
2094746
-7254641
-9802918
-4704076
-192882
-8247177
3021806
4921564
-7805933
-3167560
1539283
3298681
7007000
6857467
5026973
6891527
-4327621
2452764
4034229
5295918
7906315
-2312746
1274621
-2272943
8140685
-982621
167241
-2457417
-9490260
-6926268
-7701905
-2338424
-7670603
992184
-517918
-775073
3671154
4043025
-3837885
261983
3027843
3784986
1403178
3989134
-7519415
-8594455
2584008
-1464057
-6372692
7255293
7677867
-3928735
7427427
-8069061
8586361
9734557
-2201870
-3922292
110274
-3858307
2146210
7718861
7842787
-2272925
-5750445
-5447261
6643671
-9395052
8691033
329396
1940433
4817385
113007
7797039
-3560094
-2269003
-1298921
9547403
1709795
-9037084
-8728866
3055856
2144825
-8299854
5012584
-5290513
-5283905
7970140
6600447
8693384
2257077
4583844
5955808
-9642669
6911915
-3340473
6802028
-6167017
-3327091
4826148
-5796057
-5291464
1097940
-2246036
548538
5142530
-2695112
-3369068
4566406
7474526
-3411246
-2194086
2777429
2239785
-3099741
-7026357
-9702017
-7166093
8153311
-5874594
-3106569
-9648530
4946066
8038922
-983203
9978500
6099003
2104990
9841242
-5902080
-5534936
-9617729
-7825867
9227951
-1233313
8996249
-6799919
4787549
755114
6135163
5118175
8810499
-1385749
-4151361
8743724
5000257
2109442
5893427
2300727
7381809
2342425
5427922
-3320906
-3141948
961935
-3271652
-7326264
-737854
-1841083
-4736257
6757069
-3473811
-9624411
6668778
5214729
-4964806
-678160
8272017
5600520
1695361
-7919241
-5535379
3065213
6041776
-6559849
3216504
-815841
-4567901
6959972
-7597782
-4956282
-3917673
-5717589
-4081233
-4409973
-2128844
9396759
-5836255
9008574
-6849228
-6290991
-8520657
7153536
-9472587
-4591056
-3102256
-7105142
9560544
-9164919
4645707
-9437924
1211607
-4643144
-5147336
4037945
3010019
8652315
486501
-2289107
-6176476
-4640320
7707405
-1156225
-3411028
6003713
-680920
6153182
-1620005
8833866
8354728
2616968
8871148
-3466859
-4489130
329045
9586026
372296
5798349
8620736
6082642
-5920418
-7519995
-9896708
2203401
3859113
-8283552
1791492
-4484957
-1881614
2031660
-9766415
7189043
3567015
9868985
8724772
-8141036
-2097892
8691380
5083565
-3884805
-3544614
2235071
-6132008
6097807
-601427
-8599747
1835987
-611418
-9243942
-4583507
-8710775
-1765072
-6912292
6622948
6863678
-4812821
7839282
-9488975
-2936299
2376361
-8682496
2442429
4633769
644990
4207692
5149231
-1492657
7541678
-8845013
6724194
7181685
-1500575
-6241076
3201174
761122
-8364182
-323070
-9613541
2706754
-5282185
5060611
9357964
-2480334
-6948538
555968
2348635
-8292375
-38946
9554921
-6084904
4806608
-1625552
-6293753
-4111232
-2783147
-9855638
-4346626
-8804052
5560177
-9190259
3675358
-2035839
-6222771
2376632
4040274
8825872
-9513807
-8030438
9814375
6276736
-40911
8601370
-9061210
-5902260
4733300
7125323
-8719413
-904637
7190227
4831186
-1514804
2076135
7184894
6601276
4695218
3388914
-5673506
-7988131
-8735760
-9171673
-1625154
-8874986
8896930
2823948
-7458541
-1340233
-528987
-2532324
9271134
5398502
-9082182
1935142
-7086148
-1654822
-1532815
-9908136
5344618
-3280039
1341014
-2426406
1237678
4700074
5857588
7408941
37989
-2510605
-4469480
-2409553
2972028
-9869720
9099859
-3035310
4038972
-3247259
-5801064
-4829882
8929262
5651897
4831201
-773514
-299532
4057103
-7215483
9527655
-3634014
-7580870
-2865813
9090830
8810827
-6360229
-9604404
6729589
8774678
-5524664
-9592286
5851135
8277728
6160178
2403864
-2666562
-3526550
-1602474
9227769
3498254
-8801012
-6671847
2237415
5025421
9446230
-8983164
-6698316
2029051
3443039
9439759
9568346
8845898
-1893802
4615302
-9634926
-2785721
-1727697
8084402
-7509468
8293882
1421304
-7171549
-5045185
1005593
-4847463
-2643237
1753965
-4354855
-4627236
-6960939
-1245091
-6204461
-5098772
2595365
167525
8146007
1232076
-7518382
-3110633
-2609626
-6763567
9044142
8287756
9724803
-6370805
4355188
9693432
-7566521
4396741
2981665
-5302933
-8046422
3700146
-4473501
-9338651
-3342286
7540837
3587663
9538615
6673127
15706
4987253
3982697
-4453329
-9440181
6374102
-7058910
-2413934
-1609944
4580838
2351015
4918529
-4629949
158211
567006
2588291
4381674
-3282365
5325645
-2429015
-8101720
8393180
-6662959
4820096
3705138
7164956
-3423969
-5023235
898944
-1675223
1966328
1769911
35035
-3714468
8772495
6000111
-4516805
3325693
-7582659
-3964110
-8276306
3230317
-8443576
-91330
2838542
-6333732
616986
-7801496
-7278127
7485024
-4234795
-6692026
710085
3915325
2540392
4014600
2353177
-8096292
-7809349
8473170
-8094595
7377639
-4873970
-1673044
-5396984
-1596445
-4875152
4120892
-1741309
-60158
9098988
-5227554
9994434
-8348636
-4463119
-8723994
8384613
9043084
6845185
732355
-2191747
2029984
-203856
-7035006
6472099
4884321
-9199747
43454
5336482
5642627
-8313905
1496368
8066020
8864728
7439303
-8514773
7439687
-7247074
2554570
3372403
-7922408
7895068
7210905
-5888120
-1204996
920601
3343578
6748405
7592176
3952136
6197320
9589895
7726654
2695657
579740
2812953
1191588
8479586
-7456118
7421382
2358570
-8131797
3900369
-9131319
8725946
4922284
-4574066
836122
-9323211
-7995482
2540135
9246202
9902178
-1846849
8180432
9360845
-5358797
-1097780
-3443088
776699
-7360529
-2463737
5484126
2773709
9945270
9912878
9603443
4481588
-2395943
1104106
-6482270
320957
5396956
-7920930
4237675
-995550
501365
-3359405
8345109
8319310
-3756662
-8769006
-128473
-8819100
-1846316
3520950
-1053743
1227509
-7294080
8174960
2599567
814531
9059192
9573317
-4076099
4262582
4537119
7965653
4658543
-5639584
9199163
1969239
1984112
8230743
-4644144
6492112
9716587
-4342910
3503936
9427748
-7276897
-6480425
3214207
-2502772
1781997
-1075028
-3604290
-7759165
-4759623
8921895
7617341
-4771271
2246062
-7269244
-5554739
-5267604
1435042
-520399
-2744709
-9609672
-9249866
-9908453
8970820
7023784
-6928764
7156099
6132155
-8691000
-1696643
5815845
8612086
-7898395
3368252
-5330022
7029606
-6798417
-944069
-3201770
6933285
-408029
4624886
296868
5874929
2301602
9695063
-8142654
-8228640
-1961735
41201
8167093
6753232
7097540
-4812431
-1032750
-9470810
8596078
-1704795
-7141396
5619978
-2921994
4552909
-7033012
-7961533
-6760594
6280061
-2684274
4589591
-7753576
6316435
6110636
-766673
8979353
8740001
1219697
3413383
-9928717
6954816
8446817
-4075684
-8631648
-7228343
9450555
-8693408
-8820739
6488693
-6723779
-4931016
-491371
-5193240
-3357041
-2664353
-1783297
-8596946
-2357145
8720956
2201969
-8839054
-1100657
-1801610
-5599235
-1808782
-7005344
1046211
3394650
5424316
-4652757
7374959
-5446657
858705
-6783713
3285779
3669701
448876
3855110
4113806
-892066
-2745718
-585156
8520552
7548300
-2890334
5399328
2162286
-7756392
3249126
-3113415
-55254
7176518
7391615
-6193274
2295055
926739
6960294
-283243
1531746
-3099884
6082088
7687838
9499159
-3876692
7866983
9358548
9434759
7283192
9610841
9965034
-3438379
3089128
-6933602
9261897
7419773
-3835083
-512116
-723958
4481573
2258593
5093007
2043479
2526251
2199355
896192
-8789226
-4563921
